{
 "cells": [
  {
   "cell_type": "markdown",
   "id": "expanded-sweden",
   "metadata": {},
   "source": [
    "### Import packages"
   ]
  },
  {
   "cell_type": "code",
   "execution_count": null,
   "id": "magnetic-avatar",
   "metadata": {},
   "outputs": [],
   "source": [
    "import pandas as pd\n",
    "import numpy as np"
   ]
  },
  {
   "cell_type": "markdown",
   "id": "caring-sacramento",
   "metadata": {},
   "source": [
    "### import Data"
   ]
  },
  {
   "cell_type": "code",
   "execution_count": 2,
   "id": "wrapped-mixer",
   "metadata": {},
   "outputs": [
    {
     "data": {
      "text/html": [
       "<div>\n",
       "<style scoped>\n",
       "    .dataframe tbody tr th:only-of-type {\n",
       "        vertical-align: middle;\n",
       "    }\n",
       "\n",
       "    .dataframe tbody tr th {\n",
       "        vertical-align: top;\n",
       "    }\n",
       "\n",
       "    .dataframe thead th {\n",
       "        text-align: right;\n",
       "    }\n",
       "</style>\n",
       "<table border=\"1\" class=\"dataframe\">\n",
       "  <thead>\n",
       "    <tr style=\"text-align: right;\">\n",
       "      <th></th>\n",
       "      <th>date</th>\n",
       "      <th>spx</th>\n",
       "      <th>dax</th>\n",
       "      <th>ftse</th>\n",
       "      <th>nikkei</th>\n",
       "    </tr>\n",
       "  </thead>\n",
       "  <tbody>\n",
       "    <tr>\n",
       "      <th>0</th>\n",
       "      <td>07/01/1994</td>\n",
       "      <td>469.90</td>\n",
       "      <td>2224.95</td>\n",
       "      <td>3445.98</td>\n",
       "      <td>18124.01</td>\n",
       "    </tr>\n",
       "    <tr>\n",
       "      <th>1</th>\n",
       "      <td>10/01/1994</td>\n",
       "      <td>475.27</td>\n",
       "      <td>2225.00</td>\n",
       "      <td>3440.58</td>\n",
       "      <td>18443.44</td>\n",
       "    </tr>\n",
       "    <tr>\n",
       "      <th>2</th>\n",
       "      <td>11/01/1994</td>\n",
       "      <td>474.13</td>\n",
       "      <td>2228.10</td>\n",
       "      <td>3413.77</td>\n",
       "      <td>18485.25</td>\n",
       "    </tr>\n",
       "    <tr>\n",
       "      <th>3</th>\n",
       "      <td>12/01/1994</td>\n",
       "      <td>474.17</td>\n",
       "      <td>2182.06</td>\n",
       "      <td>3372.02</td>\n",
       "      <td>18793.88</td>\n",
       "    </tr>\n",
       "    <tr>\n",
       "      <th>4</th>\n",
       "      <td>13/01/1994</td>\n",
       "      <td>472.47</td>\n",
       "      <td>2142.37</td>\n",
       "      <td>3360.01</td>\n",
       "      <td>18577.26</td>\n",
       "    </tr>\n",
       "  </tbody>\n",
       "</table>\n",
       "</div>"
      ],
      "text/plain": [
       "         date     spx      dax     ftse    nikkei\n",
       "0  07/01/1994  469.90  2224.95  3445.98  18124.01\n",
       "1  10/01/1994  475.27  2225.00  3440.58  18443.44\n",
       "2  11/01/1994  474.13  2228.10  3413.77  18485.25\n",
       "3  12/01/1994  474.17  2182.06  3372.02  18793.88\n",
       "4  13/01/1994  472.47  2142.37  3360.01  18577.26"
      ]
     },
     "execution_count": 2,
     "metadata": {},
     "output_type": "execute_result"
    }
   ],
   "source": [
    "raw_csv = pd.read_csv(\"/Time-Series/data/IndexE8.csv\")\n",
    "df_comp = raw_csv.copy()\n",
    "df_comp.head()"
   ]
  },
  {
   "cell_type": "markdown",
   "id": "tropical-virgin",
   "metadata": {},
   "source": [
    "### Lenght of the Time Period"
   ]
  },
  {
   "cell_type": "code",
   "execution_count": 3,
   "id": "assisted-offset",
   "metadata": {},
   "outputs": [],
   "source": [
    "df_comp.date = pd.to_datetime(df_comp.date,dayfirst=True)"
   ]
  },
  {
   "cell_type": "code",
   "execution_count": 4,
   "id": "duplicate-session",
   "metadata": {},
   "outputs": [
    {
     "data": {
      "text/html": [
       "<div>\n",
       "<style scoped>\n",
       "    .dataframe tbody tr th:only-of-type {\n",
       "        vertical-align: middle;\n",
       "    }\n",
       "\n",
       "    .dataframe tbody tr th {\n",
       "        vertical-align: top;\n",
       "    }\n",
       "\n",
       "    .dataframe thead th {\n",
       "        text-align: right;\n",
       "    }\n",
       "</style>\n",
       "<table border=\"1\" class=\"dataframe\">\n",
       "  <thead>\n",
       "    <tr style=\"text-align: right;\">\n",
       "      <th></th>\n",
       "      <th>date</th>\n",
       "      <th>spx</th>\n",
       "      <th>dax</th>\n",
       "      <th>ftse</th>\n",
       "      <th>nikkei</th>\n",
       "    </tr>\n",
       "  </thead>\n",
       "  <tbody>\n",
       "    <tr>\n",
       "      <th>0</th>\n",
       "      <td>1994-01-07</td>\n",
       "      <td>469.90</td>\n",
       "      <td>2224.95</td>\n",
       "      <td>3445.98</td>\n",
       "      <td>18124.01</td>\n",
       "    </tr>\n",
       "    <tr>\n",
       "      <th>1</th>\n",
       "      <td>1994-01-10</td>\n",
       "      <td>475.27</td>\n",
       "      <td>2225.00</td>\n",
       "      <td>3440.58</td>\n",
       "      <td>18443.44</td>\n",
       "    </tr>\n",
       "    <tr>\n",
       "      <th>2</th>\n",
       "      <td>1994-01-11</td>\n",
       "      <td>474.13</td>\n",
       "      <td>2228.10</td>\n",
       "      <td>3413.77</td>\n",
       "      <td>18485.25</td>\n",
       "    </tr>\n",
       "    <tr>\n",
       "      <th>3</th>\n",
       "      <td>1994-01-12</td>\n",
       "      <td>474.17</td>\n",
       "      <td>2182.06</td>\n",
       "      <td>3372.02</td>\n",
       "      <td>18793.88</td>\n",
       "    </tr>\n",
       "    <tr>\n",
       "      <th>4</th>\n",
       "      <td>1994-01-13</td>\n",
       "      <td>472.47</td>\n",
       "      <td>2142.37</td>\n",
       "      <td>3360.01</td>\n",
       "      <td>18577.26</td>\n",
       "    </tr>\n",
       "  </tbody>\n",
       "</table>\n",
       "</div>"
      ],
      "text/plain": [
       "        date     spx      dax     ftse    nikkei\n",
       "0 1994-01-07  469.90  2224.95  3445.98  18124.01\n",
       "1 1994-01-10  475.27  2225.00  3440.58  18443.44\n",
       "2 1994-01-11  474.13  2228.10  3413.77  18485.25\n",
       "3 1994-01-12  474.17  2182.06  3372.02  18793.88\n",
       "4 1994-01-13  472.47  2142.37  3360.01  18577.26"
      ]
     },
     "execution_count": 4,
     "metadata": {},
     "output_type": "execute_result"
    }
   ],
   "source": [
    "df_comp.head()"
   ]
  },
  {
   "cell_type": "code",
   "execution_count": 5,
   "id": "civil-radius",
   "metadata": {},
   "outputs": [
    {
     "data": {
      "text/plain": [
       "count                    6269\n",
       "unique                   6269\n",
       "top       1999-08-23 00:00:00\n",
       "freq                        1\n",
       "first     1994-01-07 00:00:00\n",
       "last      2018-01-29 00:00:00\n",
       "Name: date, dtype: object"
      ]
     },
     "execution_count": 5,
     "metadata": {},
     "output_type": "execute_result"
    }
   ],
   "source": [
    "df_comp.date.describe()"
   ]
  },
  {
   "cell_type": "markdown",
   "id": "universal-sandwich",
   "metadata": {},
   "source": [
    "### setting the index"
   ]
  },
  {
   "cell_type": "code",
   "execution_count": 6,
   "id": "proved-scheme",
   "metadata": {},
   "outputs": [],
   "source": [
    "df_comp.set_index('date',inplace=True)"
   ]
  },
  {
   "cell_type": "code",
   "execution_count": 7,
   "id": "first-covering",
   "metadata": {},
   "outputs": [
    {
     "data": {
      "text/html": [
       "<div>\n",
       "<style scoped>\n",
       "    .dataframe tbody tr th:only-of-type {\n",
       "        vertical-align: middle;\n",
       "    }\n",
       "\n",
       "    .dataframe tbody tr th {\n",
       "        vertical-align: top;\n",
       "    }\n",
       "\n",
       "    .dataframe thead th {\n",
       "        text-align: right;\n",
       "    }\n",
       "</style>\n",
       "<table border=\"1\" class=\"dataframe\">\n",
       "  <thead>\n",
       "    <tr style=\"text-align: right;\">\n",
       "      <th></th>\n",
       "      <th>spx</th>\n",
       "      <th>dax</th>\n",
       "      <th>ftse</th>\n",
       "      <th>nikkei</th>\n",
       "    </tr>\n",
       "    <tr>\n",
       "      <th>date</th>\n",
       "      <th></th>\n",
       "      <th></th>\n",
       "      <th></th>\n",
       "      <th></th>\n",
       "    </tr>\n",
       "  </thead>\n",
       "  <tbody>\n",
       "    <tr>\n",
       "      <th>1994-01-07</th>\n",
       "      <td>469.90</td>\n",
       "      <td>2224.95</td>\n",
       "      <td>3445.98</td>\n",
       "      <td>18124.01</td>\n",
       "    </tr>\n",
       "    <tr>\n",
       "      <th>1994-01-10</th>\n",
       "      <td>475.27</td>\n",
       "      <td>2225.00</td>\n",
       "      <td>3440.58</td>\n",
       "      <td>18443.44</td>\n",
       "    </tr>\n",
       "    <tr>\n",
       "      <th>1994-01-11</th>\n",
       "      <td>474.13</td>\n",
       "      <td>2228.10</td>\n",
       "      <td>3413.77</td>\n",
       "      <td>18485.25</td>\n",
       "    </tr>\n",
       "    <tr>\n",
       "      <th>1994-01-12</th>\n",
       "      <td>474.17</td>\n",
       "      <td>2182.06</td>\n",
       "      <td>3372.02</td>\n",
       "      <td>18793.88</td>\n",
       "    </tr>\n",
       "    <tr>\n",
       "      <th>1994-01-13</th>\n",
       "      <td>472.47</td>\n",
       "      <td>2142.37</td>\n",
       "      <td>3360.01</td>\n",
       "      <td>18577.26</td>\n",
       "    </tr>\n",
       "  </tbody>\n",
       "</table>\n",
       "</div>"
      ],
      "text/plain": [
       "               spx      dax     ftse    nikkei\n",
       "date                                          \n",
       "1994-01-07  469.90  2224.95  3445.98  18124.01\n",
       "1994-01-10  475.27  2225.00  3440.58  18443.44\n",
       "1994-01-11  474.13  2228.10  3413.77  18485.25\n",
       "1994-01-12  474.17  2182.06  3372.02  18793.88\n",
       "1994-01-13  472.47  2142.37  3360.01  18577.26"
      ]
     },
     "execution_count": 7,
     "metadata": {},
     "output_type": "execute_result"
    }
   ],
   "source": [
    "df_comp.head()"
   ]
  },
  {
   "cell_type": "markdown",
   "id": "bulgarian-earth",
   "metadata": {},
   "source": [
    "### Setting the data frequency"
   ]
  },
  {
   "cell_type": "code",
   "execution_count": 8,
   "id": "controversial-universal",
   "metadata": {},
   "outputs": [],
   "source": [
    "df_comp = df_comp.asfreq('b')"
   ]
  },
  {
   "cell_type": "code",
   "execution_count": 9,
   "id": "adolescent-narrative",
   "metadata": {},
   "outputs": [
    {
     "data": {
      "text/html": [
       "<div>\n",
       "<style scoped>\n",
       "    .dataframe tbody tr th:only-of-type {\n",
       "        vertical-align: middle;\n",
       "    }\n",
       "\n",
       "    .dataframe tbody tr th {\n",
       "        vertical-align: top;\n",
       "    }\n",
       "\n",
       "    .dataframe thead th {\n",
       "        text-align: right;\n",
       "    }\n",
       "</style>\n",
       "<table border=\"1\" class=\"dataframe\">\n",
       "  <thead>\n",
       "    <tr style=\"text-align: right;\">\n",
       "      <th></th>\n",
       "      <th>spx</th>\n",
       "      <th>dax</th>\n",
       "      <th>ftse</th>\n",
       "      <th>nikkei</th>\n",
       "    </tr>\n",
       "    <tr>\n",
       "      <th>date</th>\n",
       "      <th></th>\n",
       "      <th></th>\n",
       "      <th></th>\n",
       "      <th></th>\n",
       "    </tr>\n",
       "  </thead>\n",
       "  <tbody>\n",
       "    <tr>\n",
       "      <th>1994-01-07</th>\n",
       "      <td>469.90</td>\n",
       "      <td>2224.95</td>\n",
       "      <td>3445.98</td>\n",
       "      <td>18124.01</td>\n",
       "    </tr>\n",
       "    <tr>\n",
       "      <th>1994-01-10</th>\n",
       "      <td>475.27</td>\n",
       "      <td>2225.00</td>\n",
       "      <td>3440.58</td>\n",
       "      <td>18443.44</td>\n",
       "    </tr>\n",
       "    <tr>\n",
       "      <th>1994-01-11</th>\n",
       "      <td>474.13</td>\n",
       "      <td>2228.10</td>\n",
       "      <td>3413.77</td>\n",
       "      <td>18485.25</td>\n",
       "    </tr>\n",
       "    <tr>\n",
       "      <th>1994-01-12</th>\n",
       "      <td>474.17</td>\n",
       "      <td>2182.06</td>\n",
       "      <td>3372.02</td>\n",
       "      <td>18793.88</td>\n",
       "    </tr>\n",
       "    <tr>\n",
       "      <th>1994-01-13</th>\n",
       "      <td>472.47</td>\n",
       "      <td>2142.37</td>\n",
       "      <td>3360.01</td>\n",
       "      <td>18577.26</td>\n",
       "    </tr>\n",
       "  </tbody>\n",
       "</table>\n",
       "</div>"
      ],
      "text/plain": [
       "               spx      dax     ftse    nikkei\n",
       "date                                          \n",
       "1994-01-07  469.90  2224.95  3445.98  18124.01\n",
       "1994-01-10  475.27  2225.00  3440.58  18443.44\n",
       "1994-01-11  474.13  2228.10  3413.77  18485.25\n",
       "1994-01-12  474.17  2182.06  3372.02  18793.88\n",
       "1994-01-13  472.47  2142.37  3360.01  18577.26"
      ]
     },
     "execution_count": 9,
     "metadata": {},
     "output_type": "execute_result"
    }
   ],
   "source": [
    "df_comp.head()"
   ]
  },
  {
   "cell_type": "markdown",
   "id": "variable-dakota",
   "metadata": {},
   "source": [
    "### Handling Missng values"
   ]
  },
  {
   "cell_type": "code",
   "execution_count": 10,
   "id": "educational-taiwan",
   "metadata": {},
   "outputs": [
    {
     "data": {
      "text/plain": [
       "spx       8\n",
       "dax       8\n",
       "ftse      8\n",
       "nikkei    8\n",
       "dtype: int64"
      ]
     },
     "execution_count": 10,
     "metadata": {},
     "output_type": "execute_result"
    }
   ],
   "source": [
    "df_comp.isna().sum()"
   ]
  },
  {
   "cell_type": "code",
   "execution_count": 11,
   "id": "prescribed-relaxation",
   "metadata": {},
   "outputs": [
    {
     "data": {
      "text/plain": [
       "spx       0\n",
       "dax       8\n",
       "ftse      8\n",
       "nikkei    8\n",
       "dtype: int64"
      ]
     },
     "execution_count": 11,
     "metadata": {},
     "output_type": "execute_result"
    }
   ],
   "source": [
    "df_comp.spx = df_comp.spx.fillna(method='ffill') #front filling\n",
    "df_comp.isna().sum()"
   ]
  },
  {
   "cell_type": "code",
   "execution_count": 12,
   "id": "separate-emperor",
   "metadata": {},
   "outputs": [
    {
     "data": {
      "text/plain": [
       "spx       0\n",
       "dax       8\n",
       "ftse      0\n",
       "nikkei    8\n",
       "dtype: int64"
      ]
     },
     "execution_count": 12,
     "metadata": {},
     "output_type": "execute_result"
    }
   ],
   "source": [
    "df_comp.ftse = df_comp.ftse.fillna(method='bfill') #back filling\n",
    "df_comp.isna().sum()"
   ]
  },
  {
   "cell_type": "code",
   "execution_count": 13,
   "id": "respected-tumor",
   "metadata": {},
   "outputs": [
    {
     "data": {
      "text/plain": [
       "spx       0\n",
       "dax       0\n",
       "ftse      0\n",
       "nikkei    8\n",
       "dtype: int64"
      ]
     },
     "execution_count": 13,
     "metadata": {},
     "output_type": "execute_result"
    }
   ],
   "source": [
    "df_comp.dax = df_comp.dax.fillna(value=df_comp.dax.mean()) #mean filling\n",
    "df_comp.isna().sum()"
   ]
  },
  {
   "cell_type": "code",
   "execution_count": 14,
   "id": "scenic-nursing",
   "metadata": {},
   "outputs": [
    {
     "data": {
      "text/plain": [
       "spx       0\n",
       "dax       0\n",
       "ftse      0\n",
       "nikkei    0\n",
       "dtype: int64"
      ]
     },
     "execution_count": 14,
     "metadata": {},
     "output_type": "execute_result"
    }
   ],
   "source": [
    "df_comp.nikkei = df_comp.nikkei.fillna(method='bfill') #back filling\n",
    "df_comp.isna().sum()"
   ]
  },
  {
   "cell_type": "markdown",
   "id": "bronze-catering",
   "metadata": {},
   "source": [
    "### add and remove columns"
   ]
  },
  {
   "cell_type": "code",
   "execution_count": 15,
   "id": "higher-semester",
   "metadata": {},
   "outputs": [
    {
     "data": {
      "text/html": [
       "<div>\n",
       "<style scoped>\n",
       "    .dataframe tbody tr th:only-of-type {\n",
       "        vertical-align: middle;\n",
       "    }\n",
       "\n",
       "    .dataframe tbody tr th {\n",
       "        vertical-align: top;\n",
       "    }\n",
       "\n",
       "    .dataframe thead th {\n",
       "        text-align: right;\n",
       "    }\n",
       "</style>\n",
       "<table border=\"1\" class=\"dataframe\">\n",
       "  <thead>\n",
       "    <tr style=\"text-align: right;\">\n",
       "      <th></th>\n",
       "      <th>spx</th>\n",
       "      <th>dax</th>\n",
       "      <th>ftse</th>\n",
       "      <th>nikkei</th>\n",
       "      <th>market_value</th>\n",
       "    </tr>\n",
       "    <tr>\n",
       "      <th>date</th>\n",
       "      <th></th>\n",
       "      <th></th>\n",
       "      <th></th>\n",
       "      <th></th>\n",
       "      <th></th>\n",
       "    </tr>\n",
       "  </thead>\n",
       "  <tbody>\n",
       "    <tr>\n",
       "      <th>1994-01-07</th>\n",
       "      <td>469.90</td>\n",
       "      <td>2224.95</td>\n",
       "      <td>3445.98</td>\n",
       "      <td>18124.01</td>\n",
       "      <td>469.90</td>\n",
       "    </tr>\n",
       "    <tr>\n",
       "      <th>1994-01-10</th>\n",
       "      <td>475.27</td>\n",
       "      <td>2225.00</td>\n",
       "      <td>3440.58</td>\n",
       "      <td>18443.44</td>\n",
       "      <td>475.27</td>\n",
       "    </tr>\n",
       "    <tr>\n",
       "      <th>1994-01-11</th>\n",
       "      <td>474.13</td>\n",
       "      <td>2228.10</td>\n",
       "      <td>3413.77</td>\n",
       "      <td>18485.25</td>\n",
       "      <td>474.13</td>\n",
       "    </tr>\n",
       "    <tr>\n",
       "      <th>1994-01-12</th>\n",
       "      <td>474.17</td>\n",
       "      <td>2182.06</td>\n",
       "      <td>3372.02</td>\n",
       "      <td>18793.88</td>\n",
       "      <td>474.17</td>\n",
       "    </tr>\n",
       "    <tr>\n",
       "      <th>1994-01-13</th>\n",
       "      <td>472.47</td>\n",
       "      <td>2142.37</td>\n",
       "      <td>3360.01</td>\n",
       "      <td>18577.26</td>\n",
       "      <td>472.47</td>\n",
       "    </tr>\n",
       "  </tbody>\n",
       "</table>\n",
       "</div>"
      ],
      "text/plain": [
       "               spx      dax     ftse    nikkei  market_value\n",
       "date                                                        \n",
       "1994-01-07  469.90  2224.95  3445.98  18124.01        469.90\n",
       "1994-01-10  475.27  2225.00  3440.58  18443.44        475.27\n",
       "1994-01-11  474.13  2228.10  3413.77  18485.25        474.13\n",
       "1994-01-12  474.17  2182.06  3372.02  18793.88        474.17\n",
       "1994-01-13  472.47  2142.37  3360.01  18577.26        472.47"
      ]
     },
     "execution_count": 15,
     "metadata": {},
     "output_type": "execute_result"
    }
   ],
   "source": [
    "df_comp['market_value'] = df_comp.spx\n",
    "df_comp.head()"
   ]
  },
  {
   "cell_type": "code",
   "execution_count": 20,
   "id": "single-belfast",
   "metadata": {},
   "outputs": [],
   "source": [
    "df_comp.drop(columns=['spx','dax','ftse','nikkei'], inplace=True)"
   ]
  },
  {
   "cell_type": "markdown",
   "id": "clinical-majority",
   "metadata": {},
   "source": [
    "del df_comp.spx,df_comp.dax, df_comp.nikkei, df_comp.ftse"
   ]
  },
  {
   "cell_type": "markdown",
   "id": "bigger-cologne",
   "metadata": {},
   "source": [
    "### Splitting data"
   ]
  },
  {
   "cell_type": "code",
   "execution_count": 21,
   "id": "eleven-clinton",
   "metadata": {},
   "outputs": [
    {
     "data": {
      "text/plain": [
       "5021"
      ]
     },
     "execution_count": 21,
     "metadata": {},
     "output_type": "execute_result"
    }
   ],
   "source": [
    "size = int(len(df_comp)*0.8)\n",
    "size"
   ]
  },
  {
   "cell_type": "code",
   "execution_count": 23,
   "id": "coupled-sixth",
   "metadata": {},
   "outputs": [
    {
     "data": {
      "text/html": [
       "<div>\n",
       "<style scoped>\n",
       "    .dataframe tbody tr th:only-of-type {\n",
       "        vertical-align: middle;\n",
       "    }\n",
       "\n",
       "    .dataframe tbody tr th {\n",
       "        vertical-align: top;\n",
       "    }\n",
       "\n",
       "    .dataframe thead th {\n",
       "        text-align: right;\n",
       "    }\n",
       "</style>\n",
       "<table border=\"1\" class=\"dataframe\">\n",
       "  <thead>\n",
       "    <tr style=\"text-align: right;\">\n",
       "      <th></th>\n",
       "      <th>market_value</th>\n",
       "    </tr>\n",
       "    <tr>\n",
       "      <th>date</th>\n",
       "      <th></th>\n",
       "    </tr>\n",
       "  </thead>\n",
       "  <tbody>\n",
       "    <tr>\n",
       "      <th>2013-04-01</th>\n",
       "      <td>1562.173837</td>\n",
       "    </tr>\n",
       "    <tr>\n",
       "      <th>2013-04-02</th>\n",
       "      <td>1570.252238</td>\n",
       "    </tr>\n",
       "    <tr>\n",
       "      <th>2013-04-03</th>\n",
       "      <td>1553.686978</td>\n",
       "    </tr>\n",
       "    <tr>\n",
       "      <th>2013-04-04</th>\n",
       "      <td>1559.979316</td>\n",
       "    </tr>\n",
       "    <tr>\n",
       "      <th>2013-04-05</th>\n",
       "      <td>1553.278930</td>\n",
       "    </tr>\n",
       "  </tbody>\n",
       "</table>\n",
       "</div>"
      ],
      "text/plain": [
       "            market_value\n",
       "date                    \n",
       "2013-04-01   1562.173837\n",
       "2013-04-02   1570.252238\n",
       "2013-04-03   1553.686978\n",
       "2013-04-04   1559.979316\n",
       "2013-04-05   1553.278930"
      ]
     },
     "execution_count": 23,
     "metadata": {},
     "output_type": "execute_result"
    }
   ],
   "source": [
    "df_train = df_comp.iloc[:size]\n",
    "df_train.tail()"
   ]
  },
  {
   "cell_type": "code",
   "execution_count": 24,
   "id": "isolated-result",
   "metadata": {},
   "outputs": [
    {
     "data": {
      "text/html": [
       "<div>\n",
       "<style scoped>\n",
       "    .dataframe tbody tr th:only-of-type {\n",
       "        vertical-align: middle;\n",
       "    }\n",
       "\n",
       "    .dataframe tbody tr th {\n",
       "        vertical-align: top;\n",
       "    }\n",
       "\n",
       "    .dataframe thead th {\n",
       "        text-align: right;\n",
       "    }\n",
       "</style>\n",
       "<table border=\"1\" class=\"dataframe\">\n",
       "  <thead>\n",
       "    <tr style=\"text-align: right;\">\n",
       "      <th></th>\n",
       "      <th>market_value</th>\n",
       "    </tr>\n",
       "    <tr>\n",
       "      <th>date</th>\n",
       "      <th></th>\n",
       "    </tr>\n",
       "  </thead>\n",
       "  <tbody>\n",
       "    <tr>\n",
       "      <th>2013-04-08</th>\n",
       "      <td>1563.071269</td>\n",
       "    </tr>\n",
       "    <tr>\n",
       "      <th>2013-04-09</th>\n",
       "      <td>1568.607909</td>\n",
       "    </tr>\n",
       "    <tr>\n",
       "      <th>2013-04-10</th>\n",
       "      <td>1587.731827</td>\n",
       "    </tr>\n",
       "    <tr>\n",
       "      <th>2013-04-11</th>\n",
       "      <td>1593.369863</td>\n",
       "    </tr>\n",
       "    <tr>\n",
       "      <th>2013-04-12</th>\n",
       "      <td>1588.854623</td>\n",
       "    </tr>\n",
       "  </tbody>\n",
       "</table>\n",
       "</div>"
      ],
      "text/plain": [
       "            market_value\n",
       "date                    \n",
       "2013-04-08   1563.071269\n",
       "2013-04-09   1568.607909\n",
       "2013-04-10   1587.731827\n",
       "2013-04-11   1593.369863\n",
       "2013-04-12   1588.854623"
      ]
     },
     "execution_count": 24,
     "metadata": {},
     "output_type": "execute_result"
    }
   ],
   "source": [
    "df_test = df_comp.iloc[size:]\n",
    "df_test.head()"
   ]
  }
 ],
 "metadata": {
  "kernelspec": {
   "display_name": "Python [conda env:ML]",
   "language": "python",
   "name": "conda-env-ML-py"
  },
  "language_info": {
   "codemirror_mode": {
    "name": "ipython",
    "version": 3
   },
   "file_extension": ".py",
   "mimetype": "text/x-python",
   "name": "python",
   "nbconvert_exporter": "python",
   "pygments_lexer": "ipython3",
   "version": "3.8.5"
  }
 },
 "nbformat": 4,
 "nbformat_minor": 5
}
